# Blender v3.4.1 OBJ File: 'station.blend'
# www.blender.org
o Habitation_4_Lights_Cube.116
v -0.765162 -0.141780 -0.270573
v -0.764795 -0.143757 -0.270429
v -0.744900 -0.141780 -0.322191
v -0.744533 -0.143757 -0.322046
v -0.784271 -0.145876 -0.278075
v -0.783904 -0.147853 -0.277931
v -0.764009 -0.145876 -0.329692
v -0.763642 -0.147853 -0.329548
v 0.670654 -0.141780 -0.457062
v 0.670321 -0.143757 -0.456851
v 0.700299 -0.141780 -0.410200
v 0.699965 -0.143757 -0.409989
v 0.688003 -0.145876 -0.468037
v 0.687670 -0.147853 -0.467826
v 0.717648 -0.145876 -0.421175
v 0.717315 -0.147853 -0.420964
v 0.721636 -0.141780 -0.371381
v 0.721279 -0.143757 -0.371213
v 0.745311 -0.141780 -0.321238
v 0.744954 -0.143757 -0.321070
v 0.740200 -0.145876 -0.380146
v 0.739843 -0.147853 -0.379978
v 0.763875 -0.145876 -0.330003
v 0.763518 -0.147853 -0.329835
v 0.530408 -0.141780 -0.614288
v 0.530140 -0.143757 -0.613998
v 0.571116 -0.141780 -0.576636
v 0.570849 -0.143757 -0.576346
v 0.544348 -0.145876 -0.629359
v 0.544080 -0.147853 -0.629069
v 0.585056 -0.145876 -0.591706
v 0.584788 -0.147853 -0.591417
v 0.360968 -0.141780 -0.726901
v 0.360780 -0.143757 -0.726554
v 0.409761 -0.141780 -0.700556
v 0.409574 -0.143757 -0.700208
v 0.370721 -0.145876 -0.744965
v 0.370534 -0.147853 -0.744618
v 0.419515 -0.145876 -0.718620
v 0.419327 -0.147853 -0.718273
v 0.269384 -0.141780 -0.765581
v 0.269241 -0.143757 -0.765214
v 0.321033 -0.141780 -0.745399
v 0.320889 -0.143757 -0.745032
v 0.276856 -0.145876 -0.784702
v 0.276712 -0.147853 -0.784335
v 0.328505 -0.145876 -0.764521
v 0.328361 -0.147853 -0.764153
v -0.325153 -0.141780 -0.743612
v -0.325007 -0.143757 -0.743245
v -0.273617 -0.141780 -0.764079
v -0.273471 -0.143757 -0.763712
v -0.332730 -0.145876 -0.762691
v -0.332585 -0.147853 -0.762324
v -0.281194 -0.145876 -0.783158
v -0.281048 -0.147853 -0.782792
v -0.465977 -0.141780 -0.664491
v -0.465761 -0.143757 -0.664161
v -0.419514 -0.141780 -0.694759
v -0.419299 -0.143757 -0.694429
v -0.477182 -0.145876 -0.681692
v -0.476967 -0.147853 -0.681362
v -0.430720 -0.145876 -0.711960
v -0.430505 -0.147853 -0.711630
v -0.549638 -0.141780 -0.597144
v -0.549381 -0.143757 -0.596845
v -0.507579 -0.141780 -0.633282
v -0.507322 -0.143757 -0.632983
v -0.563017 -0.145876 -0.612715
v -0.562760 -0.147853 -0.612415
v -0.520958 -0.145876 -0.648853
v -0.520701 -0.147853 -0.648553
v -0.720645 -0.141780 -0.373301
v -0.720301 -0.143757 -0.373108
v -0.693472 -0.141780 -0.421639
v -0.693128 -0.143757 -0.421445
v -0.738540 -0.145876 -0.383361
v -0.738196 -0.147853 -0.383167
v -0.711368 -0.145876 -0.431698
v -0.711024 -0.147853 -0.431505
v -0.697789 -0.141780 0.414455
v -0.697444 -0.143757 0.414265
v -0.724462 -0.141780 0.365839
v -0.724116 -0.143757 0.365649
v -0.715788 -0.145876 0.424329
v -0.715442 -0.147853 0.424139
v -0.742460 -0.145876 0.375713
v -0.742114 -0.147853 0.375524
v -0.637559 -0.141780 0.502196
v -0.637241 -0.143757 0.501962
v -0.670363 -0.141780 0.457488
v -0.670045 -0.143757 0.457255
v -0.654111 -0.145876 0.514340
v -0.653793 -0.147853 0.514107
v -0.686915 -0.145876 0.469633
v -0.686597 -0.147853 0.469399
v -0.565296 -0.141780 0.582343
v -0.565012 -0.143757 0.582069
v -0.603742 -0.141780 0.542383
v -0.603457 -0.143757 0.542109
v -0.580090 -0.145876 0.596576
v -0.579806 -0.147853 0.596302
v -0.618536 -0.145876 0.556616
v -0.618251 -0.147853 0.556342
v -0.371298 -0.141780 0.721679
v -0.371106 -0.143757 0.721334
v -0.419711 -0.141780 0.694640
v -0.419519 -0.143757 0.694296
v -0.381309 -0.145876 0.739602
v -0.381116 -0.147853 0.739257
v -0.429721 -0.145876 0.712563
v -0.429529 -0.147853 0.712219
v 0.331102 -0.141780 0.740982
v 0.330953 -0.143757 0.740616
v 0.279731 -0.141780 0.761862
v 0.279583 -0.143757 0.761496
v 0.338831 -0.145876 0.760000
v 0.338683 -0.147853 0.759635
v 0.287461 -0.145876 0.780880
v 0.287312 -0.147853 0.780514
v 0.426627 -0.141780 0.690414
v 0.426431 -0.143757 0.690072
v 0.378487 -0.141780 0.717935
v 0.378291 -0.143757 0.717592
v 0.436816 -0.145876 0.708237
v 0.436620 -0.147853 0.707894
v 0.388675 -0.145876 0.735757
v 0.388480 -0.147853 0.735415
v 0.589268 -0.141780 0.558073
v 0.588991 -0.143757 0.557792
v 0.549785 -0.141780 0.597008
v 0.549508 -0.143757 0.596727
v 0.603683 -0.145876 0.572690
v 0.603406 -0.147853 0.572409
v 0.564200 -0.145876 0.611626
v 0.563923 -0.147853 0.611345
v 0.659063 -0.141780 0.473623
v 0.658750 -0.143757 0.473382
v 0.625183 -0.141780 0.517522
v 0.624871 -0.143757 0.517281
v 0.675314 -0.145876 0.486166
v 0.675002 -0.147853 0.485925
v 0.641435 -0.145876 0.530064
v 0.641123 -0.147853 0.529823
v 0.756547 -0.141780 0.293802
v 0.756184 -0.143757 0.293647
v 0.734719 -0.141780 0.344777
v 0.734356 -0.143757 0.344622
v 0.775418 -0.145876 0.301884
v 0.775055 -0.147853 0.301728
v 0.753590 -0.145876 0.352858
v 0.753228 -0.147853 0.352703
v -0.765162 0.141780 0.270573
v -0.764795 0.143757 0.270429
v -0.744900 0.141780 0.322191
v -0.744533 0.143757 0.322046
v -0.784271 0.145876 0.278075
v -0.783904 0.147853 0.277930
v -0.764009 0.145876 0.329692
v -0.763642 0.147853 0.329548
v 0.670654 0.141780 0.457062
v 0.670320 0.143757 0.456851
v 0.700299 0.141780 0.410200
v 0.699965 0.143757 0.409989
v 0.688003 0.145876 0.468037
v 0.687670 0.147853 0.467826
v 0.717648 0.145876 0.421175
v 0.717314 0.147853 0.420964
v 0.721636 0.141780 0.371381
v 0.721279 0.143757 0.371213
v 0.745311 0.141780 0.321238
v 0.744954 0.143757 0.321070
v 0.740200 0.145876 0.380146
v 0.739843 0.147853 0.379978
v 0.763875 0.145876 0.330003
v 0.763518 0.147853 0.329835
v 0.530408 0.141780 0.614288
v 0.530140 0.143757 0.613998
v 0.571116 0.141780 0.576636
v 0.570848 0.143757 0.576346
v 0.544347 0.145876 0.629359
v 0.544080 0.147853 0.629069
v 0.585056 0.145876 0.591706
v 0.584788 0.147853 0.591417
v 0.360968 0.141780 0.726901
v 0.360780 0.143757 0.726554
v 0.409761 0.141780 0.700556
v 0.409574 0.143757 0.700209
v 0.370721 0.145876 0.744965
v 0.370534 0.147853 0.744618
v 0.419515 0.145876 0.718620
v 0.419327 0.147853 0.718273
v 0.269384 0.141780 0.765581
v 0.269241 0.143757 0.765214
v 0.321033 0.141780 0.745400
v 0.320889 0.143757 0.745032
v 0.276856 0.145876 0.784702
v 0.276712 0.147853 0.784335
v 0.328504 0.145876 0.764521
v 0.328361 0.147853 0.764153
v -0.325153 0.141780 0.743612
v -0.325007 0.143757 0.743245
v -0.273617 0.141780 0.764079
v -0.273471 0.143757 0.763712
v -0.332730 0.145876 0.762691
v -0.332585 0.147853 0.762324
v -0.281194 0.145876 0.783158
v -0.281049 0.147853 0.782792
v -0.465977 0.141780 0.664491
v -0.465761 0.143757 0.664161
v -0.419515 0.141780 0.694759
v -0.419299 0.143757 0.694429
v -0.477182 0.145876 0.681692
v -0.476967 0.147853 0.681362
v -0.430720 0.145876 0.711960
v -0.430505 0.147853 0.711630
v -0.549638 0.141780 0.597144
v -0.549381 0.143757 0.596845
v -0.507579 0.141780 0.633282
v -0.507322 0.143757 0.632983
v -0.563017 0.145876 0.612715
v -0.562760 0.147853 0.612415
v -0.520958 0.145876 0.648853
v -0.520701 0.147853 0.648553
v -0.720645 0.141780 0.373301
v -0.720301 0.143757 0.373108
v -0.693472 0.141780 0.421638
v -0.693128 0.143757 0.421445
v -0.738540 0.145876 0.383361
v -0.738196 0.147853 0.383167
v -0.711368 0.145876 0.431698
v -0.711024 0.147853 0.431505
v -0.697789 0.141780 -0.414455
v -0.697443 0.143757 -0.414265
v -0.724461 0.141780 -0.365839
v -0.724116 0.143757 -0.365649
v -0.715787 0.145876 -0.424329
v -0.715442 0.147853 -0.424139
v -0.742460 0.145876 -0.375714
v -0.742114 0.147853 -0.375524
v -0.637559 0.141780 -0.502196
v -0.637241 0.143757 -0.501963
v -0.670363 0.141780 -0.457488
v -0.670045 0.143757 -0.457255
v -0.654111 0.145876 -0.514341
v -0.653793 0.147853 -0.514107
v -0.686915 0.145876 -0.469633
v -0.686597 0.147853 -0.469400
v -0.565296 0.141780 -0.582343
v -0.565012 0.143757 -0.582069
v -0.603741 0.141780 -0.542383
v -0.603457 0.143757 -0.542109
v -0.580090 0.145876 -0.596576
v -0.579805 0.147853 -0.596302
v -0.618535 0.145876 -0.556616
v -0.618251 0.147853 -0.556342
v -0.371298 0.141780 -0.721679
v -0.371106 0.143757 -0.721334
v -0.419711 0.141780 -0.694640
v -0.419519 0.143757 -0.694296
v -0.381308 0.145876 -0.739602
v -0.381116 0.147853 -0.739257
v -0.429721 0.145876 -0.712564
v -0.429529 0.147853 -0.712219
v 0.331102 0.141780 -0.740982
v 0.330953 0.143757 -0.740617
v 0.279731 0.141780 -0.761862
v 0.279583 0.143757 -0.761496
v 0.338832 0.145876 -0.760000
v 0.338683 0.147853 -0.759635
v 0.287461 0.145876 -0.780880
v 0.287313 0.147853 -0.780514
v 0.426627 0.141780 -0.690414
v 0.426432 0.143757 -0.690072
v 0.378487 0.141780 -0.717935
v 0.378291 0.143757 -0.717592
v 0.436816 0.145876 -0.708237
v 0.436620 0.147853 -0.707894
v 0.388676 0.145876 -0.735757
v 0.388480 0.147853 -0.735415
v 0.589268 0.141780 -0.558073
v 0.588991 0.143757 -0.557792
v 0.549785 0.141780 -0.597008
v 0.549508 0.143757 -0.596727
v 0.603683 0.145876 -0.572690
v 0.603406 0.147853 -0.572409
v 0.564200 0.145876 -0.611626
v 0.563923 0.147853 -0.611345
v 0.659063 0.141780 -0.473623
v 0.658750 0.143757 -0.473382
v 0.625183 0.141780 -0.517522
v 0.624871 0.143757 -0.517281
v 0.675314 0.145876 -0.486166
v 0.675002 0.147853 -0.485925
v 0.641435 0.145876 -0.530064
v 0.641123 0.147853 -0.529823
v 0.756547 0.141780 -0.293802
v 0.756184 0.143757 -0.293647
v 0.734719 0.141780 -0.344777
v 0.734356 0.143757 -0.344622
v 0.775418 0.145876 -0.301883
v 0.775055 0.147853 -0.301728
v 0.753590 0.145876 -0.352858
v 0.753227 0.147853 -0.352703
vt 0.625000 0.000000
vt 0.375000 0.250000
vt 0.375000 0.000000
vt 0.625000 0.250000
vt 0.375000 0.500000
vt 0.625000 0.500000
vt 0.375000 0.750000
vt 0.625000 0.750000
vt 0.375000 1.000000
vt 0.125000 0.750000
vt 0.125000 0.500000
vt 0.875000 0.750000
vt 0.625000 0.000000
vt 0.375000 0.250000
vt 0.375000 0.000000
vt 0.625000 0.250000
vt 0.375000 0.500000
vt 0.625000 0.750000
vt 0.375000 0.750000
vt 0.625000 1.000000
vt 0.375000 1.000000
vt 0.125000 0.500000
vt 0.125000 0.750000
vt 0.875000 0.500000
vt 0.625000 0.500000
vt 0.625000 0.000000
vt 0.375000 0.250000
vt 0.375000 0.000000
vt 0.625000 0.250000
vt 0.375000 0.500000
vt 0.625000 0.750000
vt 0.375000 0.750000
vt 0.625000 1.000000
vt 0.375000 1.000000
vt 0.125000 0.500000
vt 0.125000 0.750000
vt 0.875000 0.500000
vt 0.625000 0.500000
vt 0.625000 0.000000
vt 0.375000 0.250000
vt 0.375000 0.000000
vt 0.625000 0.250000
vt 0.375000 0.500000
vt 0.625000 0.750000
vt 0.375000 0.750000
vt 0.625000 1.000000
vt 0.375000 1.000000
vt 0.125000 0.500000
vt 0.125000 0.750000
vt 0.875000 0.500000
vt 0.625000 0.500000
vt 0.625000 0.000000
vt 0.375000 0.250000
vt 0.375000 0.000000
vt 0.625000 0.250000
vt 0.375000 0.500000
vt 0.625000 0.750000
vt 0.375000 0.750000
vt 0.625000 1.000000
vt 0.375000 1.000000
vt 0.125000 0.500000
vt 0.125000 0.750000
vt 0.875000 0.500000
vt 0.625000 0.500000
vt 0.625000 0.000000
vt 0.375000 0.250000
vt 0.375000 0.000000
vt 0.625000 0.250000
vt 0.375000 0.500000
vt 0.625000 0.750000
vt 0.375000 0.750000
vt 0.625000 1.000000
vt 0.375000 1.000000
vt 0.125000 0.500000
vt 0.125000 0.750000
vt 0.875000 0.500000
vt 0.625000 0.500000
vt 0.625000 0.000000
vt 0.375000 0.250000
vt 0.375000 0.000000
vt 0.625000 0.250000
vt 0.375000 0.500000
vt 0.625000 0.750000
vt 0.375000 0.750000
vt 0.625000 1.000000
vt 0.375000 1.000000
vt 0.125000 0.500000
vt 0.125000 0.750000
vt 0.875000 0.500000
vt 0.625000 0.500000
vt 0.625000 0.000000
vt 0.375000 0.250000
vt 0.375000 0.000000
vt 0.625000 0.250000
vt 0.375000 0.500000
vt 0.625000 0.750000
vt 0.375000 0.750000
vt 0.625000 1.000000
vt 0.375000 1.000000
vt 0.125000 0.500000
vt 0.125000 0.750000
vt 0.875000 0.500000
vt 0.625000 0.500000
vt 0.625000 0.000000
vt 0.375000 0.250000
vt 0.375000 0.000000
vt 0.625000 0.250000
vt 0.375000 0.500000
vt 0.625000 0.750000
vt 0.375000 0.750000
vt 0.625000 1.000000
vt 0.375000 1.000000
vt 0.125000 0.750000
vt 0.125000 0.500000
vt 0.625000 0.500000
vt 0.875000 0.750000
vt 0.625000 0.000000
vt 0.375000 0.250000
vt 0.375000 0.000000
vt 0.625000 0.250000
vt 0.375000 0.500000
vt 0.625000 0.750000
vt 0.375000 0.750000
vt 0.625000 1.000000
vt 0.375000 1.000000
vt 0.125000 0.750000
vt 0.125000 0.500000
vt 0.625000 0.500000
vt 0.875000 0.750000
vt 0.375000 0.000000
vt 0.625000 0.250000
vt 0.375000 0.250000
vt 0.375000 0.500000
vt 0.625000 0.500000
vt 0.375000 0.750000
vt 0.625000 1.000000
vt 0.375000 1.000000
vt 0.125000 0.750000
vt 0.125000 0.500000
vt 0.875000 0.750000
vt 0.625000 0.750000
vt 0.375000 0.000000
vt 0.625000 0.250000
vt 0.375000 0.250000
vt 0.375000 0.500000
vt 0.625000 0.500000
vt 0.375000 0.750000
vt 0.625000 1.000000
vt 0.375000 1.000000
vt 0.125000 0.750000
vt 0.125000 0.500000
vt 0.875000 0.750000
vt 0.625000 0.750000
vt 0.375000 0.000000
vt 0.625000 0.250000
vt 0.375000 0.250000
vt 0.375000 0.500000
vt 0.625000 0.500000
vt 0.375000 0.750000
vt 0.625000 1.000000
vt 0.375000 1.000000
vt 0.125000 0.750000
vt 0.125000 0.500000
vt 0.875000 0.750000
vt 0.625000 0.750000
vt 0.375000 0.000000
vt 0.625000 0.250000
vt 0.375000 0.250000
vt 0.375000 0.500000
vt 0.625000 0.500000
vt 0.375000 0.750000
vt 0.625000 1.000000
vt 0.375000 1.000000
vt 0.125000 0.750000
vt 0.125000 0.500000
vt 0.875000 0.750000
vt 0.625000 0.750000
vt 0.375000 0.000000
vt 0.625000 0.250000
vt 0.375000 0.250000
vt 0.375000 0.500000
vt 0.625000 0.500000
vt 0.375000 0.750000
vt 0.625000 1.000000
vt 0.375000 1.000000
vt 0.125000 0.750000
vt 0.125000 0.500000
vt 0.875000 0.750000
vt 0.625000 0.750000
vt 0.375000 0.000000
vt 0.625000 0.250000
vt 0.375000 0.250000
vt 0.375000 0.500000
vt 0.625000 0.500000
vt 0.375000 0.750000
vt 0.625000 1.000000
vt 0.375000 1.000000
vt 0.125000 0.750000
vt 0.125000 0.500000
vt 0.875000 0.750000
vt 0.625000 0.750000
vt 0.375000 0.000000
vt 0.625000 0.250000
vt 0.375000 0.250000
vt 0.375000 0.500000
vt 0.625000 0.500000
vt 0.375000 0.750000
vt 0.625000 1.000000
vt 0.375000 1.000000
vt 0.125000 0.750000
vt 0.125000 0.500000
vt 0.875000 0.750000
vt 0.625000 0.750000
vt 0.375000 0.000000
vt 0.625000 0.250000
vt 0.375000 0.250000
vt 0.375000 0.500000
vt 0.625000 0.500000
vt 0.375000 0.750000
vt 0.625000 1.000000
vt 0.375000 1.000000
vt 0.125000 0.750000
vt 0.125000 0.500000
vt 0.875000 0.750000
vt 0.625000 0.750000
vt 0.375000 0.000000
vt 0.625000 0.250000
vt 0.375000 0.250000
vt 0.375000 0.500000
vt 0.625000 0.500000
vt 0.375000 0.750000
vt 0.625000 1.000000
vt 0.375000 1.000000
vt 0.125000 0.750000
vt 0.125000 0.500000
vt 0.875000 0.750000
vt 0.625000 0.750000
vt 0.375000 0.000000
vt 0.625000 0.250000
vt 0.375000 0.250000
vt 0.375000 0.500000
vt 0.625000 0.500000
vt 0.375000 0.750000
vt 0.625000 1.000000
vt 0.375000 1.000000
vt 0.125000 0.750000
vt 0.125000 0.500000
vt 0.875000 0.750000
vt 0.625000 0.750000
vt 0.375000 0.000000
vt 0.625000 0.250000
vt 0.375000 0.250000
vt 0.375000 0.500000
vt 0.625000 0.500000
vt 0.375000 0.750000
vt 0.625000 1.000000
vt 0.375000 1.000000
vt 0.125000 0.500000
vt 0.125000 0.750000
vt 0.875000 0.500000
vt 0.625000 0.750000
vt 0.375000 0.000000
vt 0.625000 0.250000
vt 0.375000 0.250000
vt 0.375000 0.500000
vt 0.625000 0.500000
vt 0.375000 0.750000
vt 0.625000 1.000000
vt 0.375000 1.000000
vt 0.125000 0.500000
vt 0.125000 0.750000
vt 0.875000 0.500000
vt 0.625000 0.750000
vt 0.375000 0.000000
vt 0.625000 0.250000
vt 0.375000 0.250000
vt 0.375000 0.500000
vt 0.625000 0.500000
vt 0.375000 0.750000
vt 0.625000 1.000000
vt 0.375000 1.000000
vt 0.125000 0.500000
vt 0.125000 0.750000
vt 0.875000 0.500000
vt 0.625000 0.750000
vt 0.375000 0.000000
vt 0.625000 0.250000
vt 0.375000 0.250000
vt 0.375000 0.500000
vt 0.625000 0.500000
vt 0.375000 0.750000
vt 0.625000 1.000000
vt 0.375000 1.000000
vt 0.125000 0.750000
vt 0.125000 0.500000
vt 0.875000 0.750000
vt 0.625000 0.750000
vt 0.375000 0.000000
vt 0.625000 0.250000
vt 0.375000 0.250000
vt 0.375000 0.500000
vt 0.625000 0.500000
vt 0.375000 0.750000
vt 0.625000 1.000000
vt 0.375000 1.000000
vt 0.125000 0.750000
vt 0.125000 0.500000
vt 0.875000 0.750000
vt 0.625000 0.750000
vt 0.375000 0.000000
vt 0.625000 0.250000
vt 0.375000 0.250000
vt 0.375000 0.500000
vt 0.625000 0.500000
vt 0.375000 0.750000
vt 0.625000 1.000000
vt 0.375000 1.000000
vt 0.125000 0.750000
vt 0.125000 0.500000
vt 0.875000 0.750000
vt 0.625000 0.750000
vt 0.375000 0.000000
vt 0.625000 0.250000
vt 0.375000 0.250000
vt 0.375000 0.500000
vt 0.625000 0.500000
vt 0.375000 0.750000
vt 0.625000 1.000000
vt 0.375000 1.000000
vt 0.125000 0.750000
vt 0.125000 0.500000
vt 0.875000 0.750000
vt 0.625000 0.750000
vt 0.375000 0.000000
vt 0.625000 0.250000
vt 0.375000 0.250000
vt 0.375000 0.500000
vt 0.625000 0.500000
vt 0.375000 0.750000
vt 0.625000 1.000000
vt 0.375000 1.000000
vt 0.125000 0.750000
vt 0.125000 0.500000
vt 0.875000 0.750000
vt 0.625000 0.750000
vt 0.375000 0.000000
vt 0.625000 0.250000
vt 0.375000 0.250000
vt 0.375000 0.500000
vt 0.625000 0.500000
vt 0.375000 0.750000
vt 0.625000 1.000000
vt 0.375000 1.000000
vt 0.125000 0.750000
vt 0.125000 0.500000
vt 0.875000 0.750000
vt 0.625000 0.750000
vt 0.625000 0.000000
vt 0.375000 0.250000
vt 0.375000 0.000000
vt 0.625000 0.250000
vt 0.375000 0.500000
vt 0.625000 0.750000
vt 0.375000 0.750000
vt 0.625000 1.000000
vt 0.375000 1.000000
vt 0.125000 0.500000
vt 0.125000 0.750000
vt 0.875000 0.500000
vt 0.625000 0.500000
vt 0.625000 0.000000
vt 0.375000 0.250000
vt 0.375000 0.000000
vt 0.625000 0.250000
vt 0.375000 0.500000
vt 0.625000 0.750000
vt 0.375000 0.750000
vt 0.625000 1.000000
vt 0.375000 1.000000
vt 0.125000 0.500000
vt 0.125000 0.750000
vt 0.875000 0.500000
vt 0.625000 0.500000
vt 0.625000 0.000000
vt 0.375000 0.250000
vt 0.375000 0.000000
vt 0.625000 0.250000
vt 0.375000 0.500000
vt 0.625000 0.750000
vt 0.375000 0.750000
vt 0.625000 1.000000
vt 0.375000 1.000000
vt 0.125000 0.500000
vt 0.125000 0.750000
vt 0.875000 0.500000
vt 0.625000 0.500000
vt 0.625000 0.000000
vt 0.375000 0.250000
vt 0.375000 0.000000
vt 0.625000 0.250000
vt 0.375000 0.500000
vt 0.625000 0.750000
vt 0.375000 0.750000
vt 0.625000 1.000000
vt 0.375000 1.000000
vt 0.125000 0.500000
vt 0.125000 0.750000
vt 0.875000 0.500000
vt 0.625000 0.500000
vt 0.625000 0.000000
vt 0.375000 0.250000
vt 0.375000 0.000000
vt 0.625000 0.250000
vt 0.375000 0.500000
vt 0.625000 0.750000
vt 0.375000 0.750000
vt 0.625000 1.000000
vt 0.375000 1.000000
vt 0.125000 0.500000
vt 0.125000 0.750000
vt 0.875000 0.500000
vt 0.625000 0.500000
vt 0.625000 0.000000
vt 0.375000 0.250000
vt 0.375000 0.000000
vt 0.625000 0.250000
vt 0.375000 0.500000
vt 0.625000 0.750000
vt 0.375000 0.750000
vt 0.625000 1.000000
vt 0.375000 1.000000
vt 0.125000 0.500000
vt 0.125000 0.750000
vt 0.875000 0.500000
vt 0.625000 0.500000
vt 0.625000 0.000000
vt 0.375000 0.250000
vt 0.375000 0.000000
vt 0.625000 0.250000
vt 0.375000 0.500000
vt 0.625000 0.750000
vt 0.375000 0.750000
vt 0.625000 1.000000
vt 0.375000 1.000000
vt 0.125000 0.500000
vt 0.125000 0.750000
vt 0.875000 0.500000
vt 0.625000 0.500000
vt 0.625000 0.000000
vt 0.375000 0.250000
vt 0.375000 0.000000
vt 0.625000 0.250000
vt 0.375000 0.500000
vt 0.625000 0.750000
vt 0.375000 0.750000
vt 0.625000 1.000000
vt 0.375000 1.000000
vt 0.125000 0.500000
vt 0.125000 0.750000
vt 0.875000 0.500000
vt 0.625000 0.500000
vt 0.625000 0.000000
vt 0.375000 0.250000
vt 0.375000 0.000000
vt 0.625000 0.250000
vt 0.375000 0.500000
vt 0.625000 0.750000
vt 0.375000 0.750000
vt 0.625000 1.000000
vt 0.375000 1.000000
vt 0.125000 0.500000
vt 0.125000 0.750000
vt 0.875000 0.500000
vt 0.625000 0.500000
vt 0.625000 1.000000
vt 0.875000 0.500000
vt 0.875000 0.750000
vt 0.875000 0.750000
vt 0.875000 0.750000
vt 0.875000 0.750000
vt 0.875000 0.750000
vt 0.875000 0.750000
vt 0.875000 0.750000
vt 0.875000 0.500000
vt 0.875000 0.500000
vt 0.625000 0.000000
vt 0.875000 0.500000
vt 0.625000 0.000000
vt 0.875000 0.500000
vt 0.625000 0.000000
vt 0.875000 0.500000
vt 0.625000 0.000000
vt 0.875000 0.500000
vt 0.625000 0.000000
vt 0.875000 0.500000
vt 0.625000 0.000000
vt 0.875000 0.500000
vt 0.625000 0.000000
vt 0.875000 0.500000
vt 0.625000 0.000000
vt 0.875000 0.500000
vt 0.625000 0.000000
vt 0.875000 0.500000
vt 0.625000 0.000000
vt 0.875000 0.500000
vt 0.625000 0.000000
vt 0.875000 0.750000
vt 0.625000 0.000000
vt 0.875000 0.750000
vt 0.625000 0.000000
vt 0.875000 0.750000
vt 0.625000 0.000000
vt 0.875000 0.500000
vt 0.625000 0.000000
vt 0.875000 0.500000
vt 0.625000 0.000000
vt 0.875000 0.500000
vt 0.625000 0.000000
vt 0.875000 0.500000
vt 0.625000 0.000000
vt 0.875000 0.500000
vt 0.625000 0.000000
vt 0.875000 0.500000
vt 0.875000 0.750000
vt 0.875000 0.750000
vt 0.875000 0.750000
vt 0.875000 0.750000
vt 0.875000 0.750000
vt 0.875000 0.750000
vt 0.875000 0.750000
vt 0.875000 0.750000
vt 0.875000 0.750000
vn 0.9129 0.1957 0.3583
vn 0.3654 0.0000 -0.9308
vn -0.9129 -0.1957 -0.3583
vn -0.3654 0.0000 0.9309
vn -0.1821 0.9807 -0.0715
vn 0.1821 -0.9807 0.0715
vn -0.8288 0.1957 0.5243
vn 0.5346 0.0000 0.8451
vn 0.8288 -0.1957 -0.5243
vn -0.5346 -0.0000 -0.8451
vn 0.1654 0.9807 -0.1046
vn -0.1654 -0.9807 0.1046
vn -0.8868 0.1957 0.4187
vn 0.4270 0.0000 0.9043
vn 0.8868 -0.1958 -0.4187
vn -0.4270 0.0000 -0.9043
vn 0.1769 0.9807 -0.0835
vn -0.1769 -0.9807 0.0835
vn -0.6659 0.1958 0.7199
vn 0.7341 0.0000 0.6790
vn 0.6659 -0.1957 -0.7199
vn -0.7341 -0.0000 -0.6790
vn 0.1329 0.9807 -0.1437
vn -0.1329 -0.9807 0.1437
vn -0.4659 0.1957 0.8629
vn 0.8799 0.0000 0.4751
vn 0.4659 -0.1957 -0.8629
vn -0.8799 -0.0000 -0.4751
vn 0.0930 0.9807 -0.1722
vn -0.0930 -0.9807 0.1722
vn -0.3569 0.1957 0.9134
vn 0.9314 -0.0000 0.3640
vn 0.3569 -0.1957 -0.9134
vn -0.9314 -0.0000 -0.3640
vn 0.0712 0.9807 -0.1823
vn -0.0712 -0.9807 0.1823
vn 0.3620 0.1957 0.9114
vn 0.9294 0.0000 -0.3691
vn -0.3620 -0.1957 -0.9114
vn -0.9294 0.0000 0.3691
vn -0.0722 0.9807 -0.1819
vn 0.0722 -0.9807 0.1819
vn 0.5353 0.1956 0.8217
vn 0.8379 -0.0000 -0.5458
vn -0.5353 -0.1957 -0.8217
vn -0.8379 0.0000 0.5458
vn -0.1068 0.9807 -0.1640
vn 0.1068 -0.9807 0.1640
vn 0.6391 0.1957 0.7438
vn 0.7585 0.0000 -0.6517
vn -0.6391 -0.1957 -0.7438
vn -0.7585 0.0000 0.6517
vn -0.1275 0.9807 -0.1484
vn 0.1275 -0.9807 0.1484
vn 0.8548 0.1957 0.4805
vn 0.4900 -0.0000 -0.8717
vn -0.8549 -0.1956 -0.4806
vn -0.4900 0.0000 0.8717
vn -0.1706 0.9807 -0.0959
vn 0.1706 -0.9807 0.0959
vn 0.8598 0.1957 -0.4717
vn -0.4810 0.0000 -0.8767
vn -0.8598 -0.1957 0.4717
vn 0.4810 -0.0000 0.8767
vn -0.1716 0.9807 0.0941
vn 0.1716 -0.9807 -0.0941
vn 0.7907 0.1957 -0.5801
vn -0.5916 0.0000 -0.8062
vn -0.7907 -0.1957 0.5801
vn 0.5916 -0.0000 0.8062
vn -0.1578 0.9807 0.1158
vn 0.1578 -0.9807 -0.1158
vn 0.7067 0.1957 -0.6799
vn -0.6933 0.0001 -0.7206
vn -0.7067 -0.1957 0.6799
vn 0.6933 0.0000 0.7206
vn -0.1410 0.9807 0.1357
vn 0.1410 -0.9807 -0.1357
vn 0.4782 0.1956 -0.8562
vn -0.8731 0.0000 -0.4876
vn -0.4782 -0.1956 0.8562
vn 0.8731 0.0000 0.4876
vn -0.0954 0.9807 0.1708
vn 0.0954 -0.9807 -0.1708
vn -0.3693 0.1957 -0.9085
vn -0.9264 0.0000 0.3765
vn 0.3693 -0.1957 0.9085
vn 0.9264 0.0000 -0.3765
vn 0.0737 0.9807 0.1813
vn -0.0737 -0.9807 -0.1813
vn -0.4867 0.1957 -0.8514
vn -0.8681 0.0000 0.4963
vn 0.4867 -0.1957 0.8514
vn 0.8681 -0.0000 -0.4963
vn 0.0971 0.9807 0.1699
vn -0.0971 -0.9807 -0.1699
vn -0.6886 0.1957 -0.6983
vn -0.7120 0.0001 0.7022
vn 0.6886 -0.1957 0.6983
vn 0.7120 -0.0000 -0.7022
vn 0.1374 0.9807 0.1393
vn -0.1374 -0.9807 -0.1393
vn -0.7763 0.1957 -0.5992
vn -0.6110 0.0000 0.7917
vn 0.7763 -0.1957 0.5992
vn 0.6110 0.0000 -0.7916
vn 0.1549 0.9807 0.1196
vn -0.1549 -0.9807 -0.1196
vn -0.9015 0.1957 -0.3860
vn -0.3936 0.0000 0.9193
vn 0.9015 -0.1957 0.3860
vn 0.3936 0.0000 -0.9193
vn 0.1799 0.9807 0.0770
vn -0.1799 -0.9807 -0.0770
vn 0.9129 -0.1957 -0.3583
vn 0.3654 -0.0000 0.9309
vn -0.9129 0.1957 0.3583
vn -0.3654 -0.0000 -0.9309
vn -0.1821 -0.9807 0.0715
vn 0.1821 0.9807 -0.0715
vn -0.8288 -0.1957 -0.5243
vn 0.5346 -0.0000 -0.8451
vn 0.8288 0.1957 0.5243
vn -0.5346 0.0000 0.8451
vn 0.1654 -0.9807 0.1046
vn -0.1654 0.9807 -0.1046
vn -0.8868 -0.1957 -0.4187
vn 0.4270 -0.0000 -0.9043
vn 0.8868 0.1956 0.4187
vn -0.4269 -0.0000 0.9043
vn 0.1769 -0.9807 0.0835
vn -0.1769 0.9807 -0.0835
vn -0.6659 -0.1957 -0.7199
vn 0.7341 0.0000 -0.6790
vn 0.6659 0.1956 0.7199
vn -0.7341 0.0000 0.6790
vn 0.1329 -0.9807 0.1437
vn -0.1329 0.9807 -0.1437
vn -0.4659 -0.1957 -0.8629
vn 0.8799 0.0000 -0.4751
vn 0.4659 0.1957 0.8629
vn -0.8799 -0.0000 0.4751
vn 0.0930 -0.9807 0.1722
vn -0.0930 0.9807 -0.1722
vn -0.3569 -0.1957 -0.9134
vn 0.9314 0.0001 -0.3640
vn 0.3569 0.1957 0.9134
vn -0.9314 0.0000 0.3639
vn 0.0712 -0.9807 0.1823
vn -0.0712 0.9807 -0.1823
vn 0.3620 -0.1957 -0.9114
vn 0.9294 -0.0000 0.3691
vn -0.3620 0.1957 0.9114
vn -0.9294 -0.0000 -0.3691
vn -0.0722 -0.9807 0.1819
vn 0.0722 0.9807 -0.1819
vn 0.5353 -0.1956 -0.8217
vn 0.8379 -0.0000 0.5458
vn -0.5353 0.1956 0.8217
vn -0.8379 -0.0000 -0.5458
vn -0.1068 -0.9807 0.1640
vn 0.1068 0.9807 -0.1640
vn 0.6391 -0.1957 -0.7438
vn 0.7585 -0.0000 0.6517
vn -0.6391 0.1957 0.7438
vn -0.7585 0.0000 -0.6517
vn -0.1275 -0.9807 0.1484
vn 0.1275 0.9807 -0.1484
vn 0.8549 -0.1957 -0.4805
vn 0.4900 0.0000 0.8717
vn -0.8548 0.1957 0.4805
vn -0.4900 0.0000 -0.8717
vn -0.1706 -0.9807 0.0959
vn 0.1706 0.9807 -0.0959
vn 0.8598 -0.1957 0.4717
vn -0.4810 -0.0001 0.8767
vn -0.8598 0.1957 -0.4717
vn 0.4810 -0.0000 -0.8767
vn -0.1716 -0.9807 -0.0941
vn 0.1716 0.9807 0.0941
vn 0.7907 -0.1957 0.5801
vn -0.5916 -0.0000 0.8062
vn -0.7907 0.1957 -0.5801
vn 0.5916 0.0000 -0.8062
vn -0.1578 -0.9807 -0.1158
vn 0.1578 0.9807 0.1158
vn 0.7067 -0.1957 0.6799
vn -0.6933 0.0000 0.7206
vn -0.7067 0.1958 -0.6799
vn 0.6933 0.0000 -0.7206
vn -0.1410 -0.9807 -0.1357
vn 0.1410 0.9807 0.1357
vn 0.4782 -0.1957 0.8562
vn -0.8731 0.0000 0.4876
vn -0.4782 0.1957 -0.8562
vn 0.8731 -0.0000 -0.4876
vn -0.0954 -0.9807 -0.1708
vn 0.0954 0.9807 0.1708
vn -0.3693 -0.1957 0.9085
vn -0.9264 0.0000 -0.3765
vn 0.3693 0.1956 -0.9085
vn 0.9264 -0.0000 0.3765
vn 0.0737 -0.9807 -0.1813
vn -0.0737 0.9807 0.1813
vn -0.4867 -0.1957 0.8514
vn -0.8681 0.0000 -0.4963
vn 0.4867 0.1957 -0.8514
vn 0.8681 -0.0000 0.4963
vn 0.0971 -0.9807 -0.1699
vn -0.0971 0.9807 0.1699
vn -0.6886 -0.1956 0.6983
vn -0.7120 -0.0000 -0.7021
vn 0.6886 0.1957 -0.6983
vn 0.7120 -0.0000 0.7021
vn 0.1374 -0.9807 -0.1393
vn -0.1374 0.9807 0.1393
vn -0.7763 -0.1957 0.5992
vn -0.6110 0.0000 -0.7916
vn 0.7763 0.1957 -0.5992
vn 0.6110 -0.0000 0.7917
vn 0.1549 -0.9807 -0.1196
vn -0.1549 0.9807 0.1196
vn -0.9015 -0.1956 0.3860
vn -0.3936 0.0000 -0.9193
vn 0.9015 0.1958 -0.3860
vn 0.3936 0.0000 0.9193
vn 0.1799 -0.9807 -0.0770
vn -0.1799 0.9807 0.0770
vn 0.9129 0.1956 0.3583
vn 0.3654 0.0000 -0.9309
vn 0.4269 -0.0001 0.9043
vn 0.8868 -0.1956 -0.4187
vn -0.6659 0.1957 0.7199
vn -0.3569 0.1956 0.9134
vn 0.5353 0.1957 0.8217
vn 0.8379 -0.0000 -0.5459
vn -0.6391 -0.1956 -0.7438
vn 0.8549 0.1957 0.4806
vn -0.8549 -0.1957 -0.4805
vn 0.7067 0.1956 -0.6799
vn -0.6933 -0.0001 -0.7206
vn 0.4782 0.1957 -0.8562
vn -0.4782 -0.1957 0.8562
vn 0.8682 0.0000 -0.4963
vn -0.7120 0.0000 0.7022
vn -0.7764 0.1957 -0.5992
vn -0.6110 0.0001 0.7916
vn 0.9015 -0.1958 0.3860
vn 0.9128 -0.1957 -0.3583
vn -0.3654 -0.0001 -0.9308
vn -0.4270 0.0000 0.9043
vn -0.6659 -0.1958 -0.7199
vn 0.7341 -0.0001 -0.6790
vn 0.6659 0.1957 0.7199
vn 0.1329 -0.9807 0.1436
vn 0.4659 0.1958 0.8629
vn 0.9314 0.0000 -0.3640
vn 0.5353 -0.1957 -0.8217
vn 0.8379 -0.0000 0.5459
vn 0.7585 0.0001 0.6517
vn 0.8549 -0.1956 -0.4806
vn -0.8549 0.1956 0.4806
vn 0.8598 -0.1956 0.4717
vn -0.4810 0.0000 0.8767
vn -0.7067 0.1957 -0.6799
vn -0.3693 -0.1956 0.9085
vn -0.8682 -0.0000 -0.4963
vn 0.8682 0.0000 0.4963
vn -0.6886 -0.1957 0.6983
vn -0.9015 -0.1958 0.3860
vn 0.9015 0.1957 -0.3860
s off
f 2/1/1 3/2/1 1/3/1
f 4/4/2 7/5/2 3/2/2
f 8/6/3 5/7/3 7/5/3
f 6/8/4 1/9/4 5/7/4
f 7/5/5 1/10/5 3/11/5
f 8/6/6 2/12/6 6/8/6
f 10/13/7 11/14/7 9/15/7
f 12/16/8 15/17/8 11/14/8
f 15/17/9 14/18/9 13/19/9
f 13/19/10 10/20/10 9/21/10
f 11/22/11 13/19/11 9/23/11
f 12/24/12 14/18/12 16/25/12
f 18/26/13 19/27/13 17/28/13
f 20/29/14 23/30/14 19/27/14
f 23/30/15 22/31/15 21/32/15
f 21/32/16 18/33/16 17/34/16
f 19/35/17 21/32/17 17/36/17
f 20/37/18 22/31/18 24/38/18
f 26/39/19 27/40/19 25/41/19
f 28/42/20 31/43/20 27/40/20
f 31/43/21 30/44/21 29/45/21
f 29/45/22 26/46/22 25/47/22
f 27/48/23 29/45/23 25/49/23
f 28/50/24 30/44/24 32/51/24
f 34/52/25 35/53/25 33/54/25
f 36/55/26 39/56/26 35/53/26
f 39/56/27 38/57/27 37/58/27
f 37/58/28 34/59/28 33/60/28
f 35/61/29 37/58/29 33/62/29
f 36/63/30 38/57/30 40/64/30
f 42/65/31 43/66/31 41/67/31
f 44/68/32 47/69/32 43/66/32
f 47/69/33 46/70/33 45/71/33
f 45/71/34 42/72/34 41/73/34
f 43/74/35 45/71/35 41/75/35
f 44/76/36 46/70/36 48/77/36
f 50/78/37 51/79/37 49/80/37
f 52/81/38 55/82/38 51/79/38
f 55/82/39 54/83/39 53/84/39
f 53/84/40 50/85/40 49/86/40
f 51/87/41 53/84/41 49/88/41
f 52/89/42 54/83/42 56/90/42
f 58/91/43 59/92/43 57/93/43
f 60/94/44 63/95/44 59/92/44
f 63/95/45 62/96/45 61/97/45
f 61/97/46 58/98/46 57/99/46
f 59/100/47 61/97/47 57/101/47
f 60/102/48 62/96/48 64/103/48
f 66/104/49 67/105/49 65/106/49
f 68/107/50 71/108/50 67/105/50
f 71/108/51 70/109/51 69/110/51
f 69/110/52 66/111/52 65/112/52
f 71/108/53 65/113/53 67/114/53
f 72/115/54 66/116/54 70/109/54
f 74/117/55 75/118/55 73/119/55
f 76/120/56 79/121/56 75/118/56
f 79/121/57 78/122/57 77/123/57
f 77/123/58 74/124/58 73/125/58
f 79/121/59 73/126/59 75/127/59
f 80/128/60 74/129/60 78/122/60
f 81/130/61 84/131/61 83/132/61
f 84/131/62 87/133/62 83/132/62
f 88/134/63 85/135/63 87/133/63
f 85/135/64 82/136/64 81/137/64
f 87/133/65 81/138/65 83/139/65
f 88/134/66 82/140/66 86/141/66
f 89/142/67 92/143/67 91/144/67
f 92/143/68 95/145/68 91/144/68
f 96/146/69 93/147/69 95/145/69
f 93/147/70 90/148/70 89/149/70
f 95/145/71 89/150/71 91/151/71
f 96/146/72 90/152/72 94/153/72
f 97/154/73 100/155/73 99/156/73
f 100/155/74 103/157/74 99/156/74
f 104/158/75 101/159/75 103/157/75
f 101/159/76 98/160/76 97/161/76
f 103/157/77 97/162/77 99/163/77
f 104/158/78 98/164/78 102/165/78
f 105/166/79 108/167/79 107/168/79
f 108/167/80 111/169/80 107/168/80
f 112/170/81 109/171/81 111/169/81
f 109/171/82 106/172/82 105/173/82
f 111/169/83 105/174/83 107/175/83
f 112/170/84 106/176/84 110/177/84
f 113/178/85 116/179/85 115/180/85
f 116/179/86 119/181/86 115/180/86
f 120/182/87 117/183/87 119/181/87
f 117/183/88 114/184/88 113/185/88
f 119/181/89 113/186/89 115/187/89
f 120/182/90 114/188/90 118/189/90
f 121/190/91 124/191/91 123/192/91
f 124/191/92 127/193/92 123/192/92
f 128/194/93 125/195/93 127/193/93
f 125/195/94 122/196/94 121/197/94
f 127/193/95 121/198/95 123/199/95
f 128/194/96 122/200/96 126/201/96
f 129/202/97 132/203/97 131/204/97
f 132/203/98 135/205/98 131/204/98
f 136/206/99 133/207/99 135/205/99
f 133/207/100 130/208/100 129/209/100
f 135/205/101 129/210/101 131/211/101
f 136/206/102 130/212/102 134/213/102
f 137/214/103 140/215/103 139/216/103
f 140/215/104 143/217/104 139/216/104
f 144/218/105 141/219/105 143/217/105
f 141/219/106 138/220/106 137/221/106
f 143/217/107 137/222/107 139/223/107
f 144/218/108 138/224/108 142/225/108
f 145/226/109 148/227/109 147/228/109
f 148/227/110 151/229/110 147/228/110
f 152/230/111 149/231/111 151/229/111
f 149/231/112 146/232/112 145/233/112
f 151/229/113 145/234/113 147/235/113
f 152/230/114 146/236/114 150/237/114
f 153/238/115 156/239/115 155/240/115
f 156/239/116 159/241/116 155/240/116
f 160/242/117 157/243/117 159/241/117
f 157/243/118 154/244/118 153/245/118
f 159/241/119 153/246/119 155/247/119
f 160/242/120 154/248/120 158/249/120
f 161/250/121 164/251/121 163/252/121
f 164/251/122 167/253/122 163/252/122
f 168/254/123 165/255/123 167/253/123
f 165/255/124 162/256/124 161/257/124
f 163/258/125 165/255/125 161/259/125
f 164/260/126 166/261/126 168/254/126
f 169/262/127 172/263/127 171/264/127
f 172/263/128 175/265/128 171/264/128
f 176/266/129 173/267/129 175/265/129
f 173/267/130 170/268/130 169/269/130
f 171/270/131 173/267/131 169/271/131
f 172/272/132 174/273/132 176/266/132
f 177/274/133 180/275/133 179/276/133
f 180/275/134 183/277/134 179/276/134
f 184/278/135 181/279/135 183/277/135
f 181/279/136 178/280/136 177/281/136
f 179/282/137 181/279/137 177/283/137
f 180/284/138 182/285/138 184/278/138
f 185/286/139 188/287/139 187/288/139
f 188/287/140 191/289/140 187/288/140
f 192/290/141 189/291/141 191/289/141
f 189/291/142 186/292/142 185/293/142
f 191/289/143 185/294/143 187/295/143
f 192/290/144 186/296/144 190/297/144
f 193/298/145 196/299/145 195/300/145
f 196/299/146 199/301/146 195/300/146
f 200/302/147 197/303/147 199/301/147
f 197/303/148 194/304/148 193/305/148
f 199/301/149 193/306/149 195/307/149
f 200/302/150 194/308/150 198/309/150
f 201/310/151 204/311/151 203/312/151
f 204/311/152 207/313/152 203/312/152
f 208/314/153 205/315/153 207/313/153
f 205/315/154 202/316/154 201/317/154
f 207/313/155 201/318/155 203/319/155
f 208/314/156 202/320/156 206/321/156
f 209/322/157 212/323/157 211/324/157
f 212/323/158 215/325/158 211/324/158
f 216/326/159 213/327/159 215/325/159
f 213/327/160 210/328/160 209/329/160
f 215/325/161 209/330/161 211/331/161
f 216/326/162 210/332/162 214/333/162
f 217/334/163 220/335/163 219/336/163
f 220/335/164 223/337/164 219/336/164
f 224/338/165 221/339/165 223/337/165
f 221/339/166 218/340/166 217/341/166
f 223/337/167 217/342/167 219/343/167
f 224/338/168 218/344/168 222/345/168
f 225/346/169 228/347/169 227/348/169
f 228/347/170 231/349/170 227/348/170
f 232/350/171 229/351/171 231/349/171
f 229/351/172 226/352/172 225/353/172
f 231/349/173 225/354/173 227/355/173
f 232/350/174 226/356/174 230/357/174
f 234/358/175 235/359/175 233/360/175
f 236/361/176 239/362/176 235/359/176
f 239/362/177 238/363/177 237/364/177
f 237/364/178 234/365/178 233/366/178
f 235/367/179 237/364/179 233/368/179
f 236/369/180 238/363/180 240/370/180
f 242/371/181 243/372/181 241/373/181
f 244/374/182 247/375/182 243/372/182
f 247/375/183 246/376/183 245/377/183
f 245/377/184 242/378/184 241/379/184
f 243/380/185 245/377/185 241/381/185
f 244/382/186 246/376/186 248/383/186
f 250/384/187 251/385/187 249/386/187
f 252/387/188 255/388/188 251/385/188
f 255/388/189 254/389/189 253/390/189
f 253/390/190 250/391/190 249/392/190
f 251/393/191 253/390/191 249/394/191
f 252/395/192 254/389/192 256/396/192
f 258/397/193 259/398/193 257/399/193
f 260/400/194 263/401/194 259/398/194
f 263/401/195 262/402/195 261/403/195
f 261/403/196 258/404/196 257/405/196
f 259/406/197 261/403/197 257/407/197
f 260/408/198 262/402/198 264/409/198
f 266/410/199 267/411/199 265/412/199
f 268/413/200 271/414/200 267/411/200
f 271/414/201 270/415/201 269/416/201
f 269/416/202 266/417/202 265/418/202
f 267/419/203 269/416/203 265/420/203
f 268/421/204 270/415/204 272/422/204
f 274/423/205 275/424/205 273/425/205
f 276/426/206 279/427/206 275/424/206
f 279/427/207 278/428/207 277/429/207
f 277/429/208 274/430/208 273/431/208
f 275/432/209 277/429/209 273/433/209
f 276/434/210 278/428/210 280/435/210
f 282/436/211 283/437/211 281/438/211
f 284/439/212 287/440/212 283/437/212
f 287/440/213 286/441/213 285/442/213
f 285/442/214 282/443/214 281/444/214
f 283/445/215 285/442/215 281/446/215
f 284/447/216 286/441/216 288/448/216
f 290/449/217 291/450/217 289/451/217
f 292/452/218 295/453/218 291/450/218
f 295/453/219 294/454/219 293/455/219
f 293/455/220 290/456/220 289/457/220
f 291/458/221 293/455/221 289/459/221
f 292/460/222 294/454/222 296/461/222
f 298/462/223 299/463/223 297/464/223
f 300/465/224 303/466/224 299/463/224
f 303/466/225 302/467/225 301/468/225
f 301/468/226 298/469/226 297/470/226
f 299/471/227 301/468/227 297/472/227
f 300/473/228 302/467/228 304/474/228
f 2/1/229 4/4/229 3/2/229
f 4/4/230 8/6/230 7/5/230
f 8/6/3 6/8/3 5/7/3
f 6/8/4 2/475/4 1/9/4
f 7/5/5 5/7/5 1/10/5
f 8/6/6 4/476/6 2/12/6
f 10/13/7 12/16/7 11/14/7
f 12/16/8 16/25/8 15/17/8
f 15/17/9 16/25/9 14/18/9
f 13/19/10 14/18/10 10/20/10
f 11/22/11 15/17/11 13/19/11
f 12/24/12 10/477/12 14/18/12
f 18/26/13 20/29/13 19/27/13
f 20/29/231 24/38/231 23/30/231
f 23/30/232 24/38/232 22/31/232
f 21/32/16 22/31/16 18/33/16
f 19/35/17 23/30/17 21/32/17
f 20/37/18 18/478/18 22/31/18
f 26/39/233 28/42/233 27/40/233
f 28/42/20 32/51/20 31/43/20
f 31/43/21 32/51/21 30/44/21
f 29/45/22 30/44/22 26/46/22
f 27/48/23 31/43/23 29/45/23
f 28/50/24 26/479/24 30/44/24
f 34/52/25 36/55/25 35/53/25
f 36/55/26 40/64/26 39/56/26
f 39/56/27 40/64/27 38/57/27
f 37/58/28 38/57/28 34/59/28
f 35/61/29 39/56/29 37/58/29
f 36/63/30 34/480/30 38/57/30
f 42/65/234 44/68/234 43/66/234
f 44/68/32 48/77/32 47/69/32
f 47/69/33 48/77/33 46/70/33
f 45/71/34 46/70/34 42/72/34
f 43/74/35 47/69/35 45/71/35
f 44/76/36 42/481/36 46/70/36
f 50/78/37 52/81/37 51/79/37
f 52/81/38 56/90/38 55/82/38
f 55/82/39 56/90/39 54/83/39
f 53/84/40 54/83/40 50/85/40
f 51/87/41 55/82/41 53/84/41
f 52/89/42 50/482/42 54/83/42
f 58/91/235 60/94/235 59/92/235
f 60/94/236 64/103/236 63/95/236
f 63/95/45 64/103/45 62/96/45
f 61/97/46 62/96/46 58/98/46
f 59/100/47 63/95/47 61/97/47
f 60/102/48 58/483/48 62/96/48
f 66/104/49 68/107/49 67/105/49
f 68/107/50 72/115/50 71/108/50
f 71/108/237 72/115/237 70/109/237
f 69/110/52 70/109/52 66/111/52
f 71/108/53 69/110/53 65/113/53
f 72/115/54 68/484/54 66/116/54
f 74/117/238 76/120/238 75/118/238
f 76/120/56 80/128/56 79/121/56
f 79/121/239 80/128/239 78/122/239
f 77/123/58 78/122/58 74/124/58
f 79/121/59 77/123/59 73/126/59
f 80/128/60 76/485/60 74/129/60
f 81/130/61 82/486/61 84/131/61
f 84/131/62 88/134/62 87/133/62
f 88/134/63 86/141/63 85/135/63
f 85/135/64 86/141/64 82/136/64
f 87/133/65 85/135/65 81/138/65
f 88/134/66 84/487/66 82/140/66
f 89/142/67 90/488/67 92/143/67
f 92/143/68 96/146/68 95/145/68
f 96/146/69 94/153/69 93/147/69
f 93/147/70 94/153/70 90/148/70
f 95/145/71 93/147/71 89/150/71
f 96/146/72 92/489/72 90/152/72
f 97/154/240 98/490/240 100/155/240
f 100/155/241 104/158/241 103/157/241
f 104/158/75 102/165/75 101/159/75
f 101/159/76 102/165/76 98/160/76
f 103/157/77 101/159/77 97/162/77
f 104/158/78 100/491/78 98/164/78
f 105/166/242 106/492/242 108/167/242
f 108/167/80 112/170/80 111/169/80
f 112/170/243 110/177/243 109/171/243
f 109/171/82 110/177/82 106/172/82
f 111/169/83 109/171/83 105/174/83
f 112/170/84 108/493/84 106/176/84
f 113/178/85 114/494/85 116/179/85
f 116/179/86 120/182/86 119/181/86
f 120/182/87 118/189/87 117/183/87
f 117/183/88 118/189/88 114/184/88
f 119/181/89 117/183/89 113/186/89
f 120/182/90 116/495/90 114/188/90
f 121/190/91 122/496/91 124/191/91
f 124/191/92 128/194/92 127/193/92
f 128/194/93 126/201/93 125/195/93
f 125/195/244 126/201/244 122/196/244
f 127/193/95 125/195/95 121/198/95
f 128/194/96 124/497/96 122/200/96
f 129/202/97 130/498/97 132/203/97
f 132/203/245 136/206/245 135/205/245
f 136/206/99 134/213/99 133/207/99
f 133/207/100 134/213/100 130/208/100
f 135/205/101 133/207/101 129/210/101
f 136/206/102 132/499/102 130/212/102
f 137/214/246 138/500/246 140/215/246
f 140/215/247 144/218/247 143/217/247
f 144/218/105 142/225/105 141/219/105
f 141/219/106 142/225/106 138/220/106
f 143/217/107 141/219/107 137/222/107
f 144/218/108 140/501/108 138/224/108
f 145/226/109 146/502/109 148/227/109
f 148/227/110 152/230/110 151/229/110
f 152/230/248 150/237/248 149/231/248
f 149/231/112 150/237/112 146/232/112
f 151/229/113 149/231/113 145/234/113
f 152/230/114 148/503/114 146/236/114
f 153/238/249 154/504/249 156/239/249
f 156/239/116 160/242/116 159/241/116
f 160/242/117 158/249/117 157/243/117
f 157/243/250 158/249/250 154/244/250
f 159/241/119 157/243/119 153/246/119
f 160/242/120 156/505/120 154/248/120
f 161/250/121 162/506/121 164/251/121
f 164/251/122 168/254/122 167/253/122
f 168/254/123 166/261/123 165/255/123
f 165/255/124 166/261/124 162/256/124
f 163/258/125 167/253/125 165/255/125
f 164/260/126 162/507/126 166/261/126
f 169/262/127 170/508/127 172/263/127
f 172/263/128 176/266/128 175/265/128
f 176/266/129 174/273/129 173/267/129
f 173/267/251 174/273/251 170/268/251
f 171/270/131 175/265/131 173/267/131
f 172/272/132 170/509/132 174/273/132
f 177/274/252 178/510/252 180/275/252
f 180/275/253 184/278/253 183/277/253
f 184/278/254 182/285/254 181/279/254
f 181/279/136 182/285/136 178/280/136
f 179/282/255 183/277/255 181/279/255
f 180/284/138 178/511/138 182/285/138
