# Blender v3.4.1 OBJ File: 'decoratives_and_entities.blend'
# www.blender.org
o Flower_Petals_Cube.006
v 0.337973 0.703574 0.166372
v 0.359128 0.755722 0.185130
v 0.341544 0.668729 0.259215
v 0.362699 0.720876 0.277973
v 0.244558 0.735824 0.182069
v 0.265713 0.787972 0.200827
v 0.248129 0.700978 0.274912
v 0.269283 0.753126 0.293670
v 0.213183 0.873025 -0.117744
v 0.225850 0.928770 -0.133583
v 0.208432 0.846935 -0.213366
v 0.221098 0.902680 -0.229205
v 0.310822 0.851156 -0.116628
v 0.323489 0.906900 -0.132467
v 0.306071 0.825065 -0.212250
v 0.318737 0.880810 -0.228089
v -0.152744 0.873025 -0.163649
v -0.172672 0.928770 -0.167422
v -0.235005 0.846935 -0.114665
v -0.254932 0.902680 -0.118438
v -0.197489 0.851156 -0.250439
v -0.217416 0.906900 -0.254212
v -0.279749 0.825066 -0.201455
v -0.299676 0.880810 -0.205229
v -0.238802 0.814356 0.155972
v -0.254521 0.870101 0.168788
v -0.254301 0.788266 0.250449
v -0.270021 0.844011 0.263264
v -0.334015 0.792487 0.134313
v -0.349734 0.848231 0.147128
v -0.349514 0.766396 0.228790
v -0.365233 0.822141 0.241605
v 0.040406 0.526053 -0.341520
v 0.046672 0.561590 -0.363217
v 0.070311 0.555362 -0.284881
v 0.076577 0.590899 -0.306579
v -0.023028 0.550092 -0.320467
v -0.016761 0.585629 -0.342164
v 0.006877 0.579401 -0.263828
v 0.013143 0.614938 -0.285526
v 0.072976 0.895483 0.192343
v 0.075677 0.950718 0.204580
v 0.044628 0.871065 0.308824
v 0.047328 0.926301 0.321060
v -0.047697 0.907338 0.165460
v -0.044996 0.962574 0.177696
v -0.076045 0.882921 0.281940
v -0.073345 0.938157 0.294176
v 0.057924 0.607249 0.150463
v 0.060069 0.626323 0.191149
v 0.035408 0.522123 0.191558
v 0.037553 0.541197 0.232244
v -0.037922 0.629911 0.144891
v -0.035777 0.648986 0.185578
v -0.060438 0.544785 0.185987
v -0.058293 0.563859 0.226673
v -0.101390 0.710698 -0.127539
v -0.142532 0.745963 -0.103402
v -0.117511 0.643287 -0.056527
v -0.158653 0.678552 -0.032391
v -0.171619 0.667648 -0.184349
v -0.212761 0.702912 -0.160213
v -0.187740 0.600237 -0.113338
v -0.228882 0.635501 -0.089201
v 0.153805 0.628740 -0.099746
v 0.211724 0.641496 -0.100981
v 0.165429 0.568415 -0.177674
v 0.223348 0.581171 -0.178909
v 0.171969 0.552258 -0.037831
v 0.229888 0.565014 -0.039066
v 0.183593 0.491934 -0.115758
v 0.241512 0.504689 -0.116994
vt 0.625000 0.000000
vt 0.375000 0.250000
vt 0.375000 0.000000
vt 0.625000 0.250000
vt 0.375000 0.500000
vt 0.625000 0.500000
vt 0.375000 0.750000
vt 0.625000 0.750000
vt 0.375000 1.000000
vt 0.125000 0.750000
vt 0.125000 0.500000
vt 0.875000 0.500000
vt 0.375000 0.000000
vt 0.625000 0.250000
vt 0.375000 0.250000
vt 0.375000 0.500000
vt 0.625000 0.500000
vt 0.375000 0.750000
vt 0.625000 1.000000
vt 0.375000 1.000000
vt 0.125000 0.750000
vt 0.125000 0.500000
vt 0.875000 0.750000
vt 0.625000 0.750000
vt 0.375000 0.000000
vt 0.625000 0.250000
vt 0.375000 0.250000
vt 0.625000 0.500000
vt 0.375000 0.500000
vt 0.375000 0.750000
vt 0.625000 0.750000
vt 0.375000 1.000000
vt 0.125000 0.500000
vt 0.125000 0.750000
vt 0.875000 0.500000
vt 0.625000 0.000000
vt 0.375000 0.250000
vt 0.375000 0.000000
vt 0.625000 0.500000
vt 0.375000 0.500000
vt 0.625000 0.750000
vt 0.375000 0.750000
vt 0.375000 1.000000
vt 0.125000 0.750000
vt 0.125000 0.500000
vt 0.875000 0.750000
vt 0.625000 0.000000
vt 0.375000 0.250000
vt 0.375000 0.000000
vt 0.625000 0.250000
vt 0.375000 0.500000
vt 0.625000 0.750000
vt 0.375000 0.750000
vt 0.625000 1.000000
vt 0.375000 1.000000
vt 0.125000 0.500000
vt 0.125000 0.750000
vt 0.875000 0.500000
vt 0.625000 0.500000
vt 0.625000 0.000000
vt 0.375000 0.250000
vt 0.375000 0.000000
vt 0.625000 0.500000
vt 0.375000 0.500000
vt 0.625000 0.750000
vt 0.375000 0.750000
vt 0.375000 1.000000
vt 0.125000 0.750000
vt 0.125000 0.500000
vt 0.875000 0.750000
vt 0.375000 0.000000
vt 0.625000 0.250000
vt 0.375000 0.250000
vt 0.625000 0.500000
vt 0.375000 0.500000
vt 0.375000 0.750000
vt 0.625000 0.750000
vt 0.375000 1.000000
vt 0.125000 0.500000
vt 0.125000 0.750000
vt 0.875000 0.500000
vt 0.375000 0.000000
vt 0.625000 0.250000
vt 0.375000 0.250000
vt 0.625000 0.500000
vt 0.375000 0.500000
vt 0.375000 0.750000
vt 0.625000 0.750000
vt 0.375000 1.000000
vt 0.125000 0.500000
vt 0.125000 0.750000
vt 0.875000 0.500000
vt 0.375000 0.000000
vt 0.625000 0.250000
vt 0.375000 0.250000
vt 0.625000 0.500000
vt 0.375000 0.500000
vt 0.375000 0.750000
vt 0.625000 0.750000
vt 0.375000 1.000000
vt 0.125000 0.500000
vt 0.125000 0.750000
vt 0.875000 0.500000
vt 0.625000 1.000000
vt 0.875000 0.750000
vt 0.625000 0.000000
vt 0.875000 0.500000
vt 0.625000 0.000000
vt 0.625000 1.000000
vt 0.875000 0.750000
vt 0.625000 0.250000
vt 0.625000 1.000000
vt 0.875000 0.500000
vt 0.875000 0.750000
vt 0.625000 0.250000
vt 0.625000 1.000000
vt 0.875000 0.500000
vt 0.625000 0.000000
vt 0.625000 1.000000
vt 0.875000 0.750000
vt 0.625000 0.000000
vt 0.625000 1.000000
vt 0.875000 0.750000
vt 0.625000 0.000000
vt 0.625000 1.000000
vt 0.875000 0.750000
vn 0.9336 -0.3223 -0.1569
vn 0.0360 -0.3512 0.9356
vn -0.9336 0.3223 0.1569
vn -0.0360 0.3512 -0.9356
vn -0.3566 -0.8791 -0.3162
vn 0.3566 0.8791 0.3162
vn -0.9758 0.2186 -0.0111
vn -0.0479 -0.2629 -0.9636
vn 0.9758 -0.2186 0.0111
vn 0.0479 0.2629 0.9636
vn -0.2135 -0.9397 0.2670
vn 0.2135 0.9397 -0.2670
vn 0.4472 0.2186 0.8673
vn -0.8290 -0.2629 0.4936
vn -0.4472 -0.2186 -0.8673
vn 0.8290 0.2629 -0.4936
vn 0.3359 -0.9397 0.0636
vn -0.3359 0.9397 -0.0636
vn 0.9515 0.2186 0.2165
vn -0.1562 -0.2629 0.9521
vn -0.9515 -0.2186 -0.2165
vn 0.1562 0.2629 -0.9521
vn 0.2650 -0.9397 -0.2160
vn -0.2650 0.9397 0.2160
vn 0.8931 -0.3384 -0.2964
vn 0.4246 0.4161 0.8041
vn -0.8931 0.3384 0.2964
vn -0.4246 -0.4161 -0.8041
vn -0.1488 -0.8440 0.5153
vn 0.1488 0.8440 -0.5153
vn 0.9716 -0.0955 0.2165
vn -0.2317 -0.1996 0.9521
vn -0.9716 0.0955 -0.2165
vn 0.2317 0.1996 -0.9521
vn -0.0477 -0.9752 -0.2160
vn 0.0477 0.9752 0.2160
vn 0.9716 -0.2297 0.0565
vn -0.2317 -0.8760 0.4229
vn -0.9716 0.2297 -0.0565
vn 0.2317 0.8760 -0.4229
vn -0.0477 -0.4240 -0.9044
vn 0.0477 0.4240 0.9044
vn 0.7018 0.4302 0.5677
vn -0.1625 -0.6793 0.7156
vn -0.7018 -0.4302 -0.5677
vn 0.1625 0.6793 -0.7156
vn 0.6936 -0.5945 -0.4069
vn -0.6936 0.5945 0.4069
vn -0.1815 0.7643 -0.6188
vn 0.1171 -0.6079 -0.7853
vn 0.1815 -0.7643 0.6188
vn -0.1171 0.6079 0.7853
vn -0.9764 -0.2150 0.0208
vn 0.9764 0.2150 -0.0208
s off
f 2/1/1 3/2/1 1/3/1
f 4/4/2 7/5/2 3/2/2
f 8/6/3 5/7/3 7/5/3
f 6/8/4 1/9/4 5/7/4
f 7/5/5 1/10/5 3/11/5
f 4/12/6 6/8/6 8/6/6
f 9/13/7 12/14/7 11/15/7
f 12/14/8 15/16/8 11/15/8
f 16/17/9 13/18/9 15/16/9
f 13/18/10 10/19/10 9/20/10
f 15/16/11 9/21/11 11/22/11
f 16/17/12 10/23/12 14/24/12
f 17/25/13 20/26/13 19/27/13
f 19/27/14 24/28/14 23/29/14
f 24/28/15 21/30/15 23/29/15
f 22/31/16 17/32/16 21/30/16
f 19/33/17 21/30/17 17/34/17
f 20/35/18 22/31/18 24/28/18
f 26/36/19 27/37/19 25/38/19
f 27/37/20 32/39/20 31/40/20
f 31/40/21 30/41/21 29/42/21
f 30/41/22 25/43/22 29/42/22
f 31/40/23 25/44/23 27/45/23
f 32/39/24 26/46/24 30/41/24
f 34/47/25 35/48/25 33/49/25
f 36/50/26 39/51/26 35/48/26
f 39/51/27 38/52/27 37/53/27
f 37/53/28 34/54/28 33/55/28
f 35/56/29 37/53/29 33/57/29
f 36/58/30 38/52/30 40/59/30
f 42/60/31 43/61/31 41/62/31
f 43/61/32 48/63/32 47/64/32
f 47/64/33 46/65/33 45/66/33
f 46/65/34 41/67/34 45/66/34
f 47/64/35 41/68/35 43/69/35
f 48/63/36 42/70/36 46/65/36
f 49/71/37 52/72/37 51/73/37
f 51/73/38 56/74/38 55/75/38
f 56/74/39 53/76/39 55/75/39
f 54/77/40 49/78/40 53/76/40
f 51/79/41 53/76/41 49/80/41
f 52/81/42 54/77/42 56/74/42
f 57/82/43 60/83/43 59/84/43
f 59/84/44 64/85/44 63/86/44
f 64/85/45 61/87/45 63/86/45
f 62/88/46 57/89/46 61/87/46
f 59/90/47 61/87/47 57/91/47
f 60/92/48 62/88/48 64/85/48
f 65/93/49 68/94/49 67/95/49
f 67/95/50 72/96/50 71/97/50
f 72/96/51 69/98/51 71/97/51
f 70/99/52 65/100/52 69/98/52
f 67/101/53 69/98/53 65/102/53
f 68/103/54 70/99/54 72/96/54
f 2/1/1 4/4/1 3/2/1
f 4/4/2 8/6/2 7/5/2
f 8/6/3 6/8/3 5/7/3
f 6/8/4 2/104/4 1/9/4
f 7/5/5 5/7/5 1/10/5
f 4/12/6 2/105/6 6/8/6
f 9/13/7 10/106/7 12/14/7
f 12/14/8 16/17/8 15/16/8
f 16/17/9 14/24/9 13/18/9
f 13/18/10 14/24/10 10/19/10
f 15/16/11 13/18/11 9/21/11
f 16/17/12 12/107/12 10/23/12
f 17/25/13 18/108/13 20/26/13
f 19/27/14 20/26/14 24/28/14
f 24/28/15 22/31/15 21/30/15
f 22/31/16 18/109/16 17/32/16
f 19/33/17 23/29/17 21/30/17
f 20/35/18 18/110/18 22/31/18
f 26/36/19 28/111/19 27/37/19
f 27/37/20 28/111/20 32/39/20
f 31/40/21 32/39/21 30/41/21
f 30/41/22 26/112/22 25/43/22
f 31/40/23 29/42/23 25/44/23
f 32/39/24 28/113/24 26/46/24
f 34/47/25 36/50/25 35/48/25
f 36/50/26 40/59/26 39/51/26
f 39/51/27 40/59/27 38/52/27
f 37/53/28 38/52/28 34/54/28
f 35/56/29 39/51/29 37/53/29
f 36/58/30 34/114/30 38/52/30
f 42/60/31 44/115/31 43/61/31
f 43/61/32 44/115/32 48/63/32
f 47/64/33 48/63/33 46/65/33
f 46/65/34 42/116/34 41/67/34
f 47/64/35 45/66/35 41/68/35
f 48/63/36 44/117/36 42/70/36
f 49/71/37 50/118/37 52/72/37
f 51/73/38 52/72/38 56/74/38
f 56/74/39 54/77/39 53/76/39
f 54/77/40 50/119/40 49/78/40
f 51/79/41 55/75/41 53/76/41
f 52/81/42 50/120/42 54/77/42
f 57/82/43 58/121/43 60/83/43
f 59/84/44 60/83/44 64/85/44
f 64/85/45 62/88/45 61/87/45
f 62/88/46 58/122/46 57/89/46
f 59/90/47 63/86/47 61/87/47
f 60/92/48 58/123/48 62/88/48
f 65/93/49 66/124/49 68/94/49
f 67/95/50 68/94/50 72/96/50
f 72/96/51 70/99/51 69/98/51
f 70/99/52 66/125/52 65/100/52
f 67/101/53 71/97/53 69/98/53
f 68/103/54 66/126/54 70/99/54
